1100100010001000000000000000000000000000000000000000
1100100010000100000000000000000000000000000000000000
1100100010000010000000000000000000000000000000000000
1100100010000001000000000000000000000000000000000000
1100100001001000000000000000000000000000000000000000
1100100001000100000000000000000000000000000000000000
1100100001000010000000000000000000000000000000000000
1100100001000001000000000000000000000000000000000000
1100100000101000000000000000000000000000000000000000
1100100000100100000000000000000000000000000000000000
1100100000100010000000000000000000000000000000000000
1100100000100001000000000000000000000000000000000000
1100100000011000000000000000000000000000000000000000
1100100000010100000000000000000000000000000000000000
1100100000010010000000000000000000000000000000000000
1100100000010001000000000000000000000000000000000000
1100010010001000000000000000000000000000000000000000
1100010010000100000000000000000000000000000000000000
1100010010000010000000000000000000000000000000000000
1100010010000001000000000000000000000000000000000000
1100010001001000000000000000000000000000000000000000
1100010001000100000000000000000000000000000000000000
1100010001000010000000000000000000000000000000000000
1100010001000001000000000000000000000000000000000000
1100010000101000000000000000000000000000000000000000
1100010000100100000000000000000000000000000000000000
1100010000100010000000000000000000000000000000000000
1100010000100001000000000000000000000000000000000000
1100010000011000000000000000000000000000000000000000
1100010000010100000000000000000000000000000000000000
1100010000010010000000000000000000000000000000000000
1100010000010001000000000000000000000000000000000000
1100001010001000000000000000000000000000000000000000
1100001010000100000000000000000000000000000000000000
1100001010000010000000000000000000000000000000000000
1100001010000001000000000000000000000000000000000000
1100001001001000000000000000000000000000000000000000
1100001001000100000000000000000000000000000000000000
1100001001000010000000000000000000000000000000000000
1100001001000001000000000000000000000000000000000000
1100001000101000000000000000000000000000000000000000
1100001000100100000000000000000000000000000000000000
1100001000100010000000000000000000000000000000000000
1100001000100001000000000000000000000000000000000000
1100001000011000000000000000000000000000000000000000
1100001000010100000000000000000000000000000000000000
1100001000010010000000000000000000000000000000000000
1100001000010001000000000000000000000000000000000000
1100000110001000000000000000000000000000000000000000
1100000110000100000000000000000000000000000000000000
1100000110000010000000000000000000000000000000000000
1100000110000001000000000000000000000000000000000000
1100000101001000000000000000000000000000000000000000
1100000101000100000000000000000000000000000000000000
1100000101000010000000000000000000000000000000000000
1100000101000001000000000000000000000000000000000000
1100000100101000000000000000000000000000000000000000
1100000100100100000000000000000000000000000000000000
1100000100100010000000000000000000000000000000000000
1100000100100001000000000000000000000000000000000000
1100000100011000000000000000000000000000000000000000
1100000100010100000000000000000000000000000000000000
1100000100010010000000000000000000000000000000000000
1100000100010001000000000000000000000000000000000000
